12796
7571
7942
11392
12066
10200
9948
10096
11097
11190
8204
7404
12726
12850
7500
14245
9833
8133
8249
10962
13308
7331
11005
9138
8975
7902
14685
14118
12819
9738
11779
9365
8205
13598
8549
11624
9613
11709
12200
13200
10076
13940
7226
11477
10311
11090
14750
12023
7651
11124
7113
12111
7989
10759
8220
8347
7087
14886
7119
12522
7270
9012
9209
7822
14826
9842
11986
7443
12537
7158
7852
12902
13628
7017
10550
11005
8472
10584
11358
9500
10405
8636
10000
10616
8489
14268
14000
10304
9339
14511
8955
13957
8057
8770
14752
9064
9540
7513
13325
14286
12316
14004
12458
12807
8791
11128
12884
9190
8349
8357
8726
9022
11970
13481
10382
11996
12255
11515
8058
9183
8274
7213
14101
13988
13383
11213
9282
7614
12665
8062
7106
12840
9109
7610
12104
10296
11270
7821
12191
7043
10441
7461
13803
12248
11587
14197
11983
12987
14034
13101
9042
13530
14951
9558
9154
11702
9108
10311
14060
13838
7820
8324
8829
12665
8920
14781
9393
14090
7571
14254
9496
8948
9483
12583
11899
12593
13002
14350
12537
13391
14861
9254
13520
8258
7883
14022
9203
7890
14826
11967
9830
9435
11462
13104
13135
11535
10656
8829
11954
7116
13329
11187
12209
11841
13482
14254
10518
10003
9076
12674
12971
12535
10931
12592
11369
9047
12427
9445
14398
10351
12728
7436
8203
10051
8732
11643
9236
14333
8733
8487
8616
14866
14606
8742
11800
8004
7663
7915
10380
10326
12981
14286
13498
7078
13043
7182
13066
7136
10990
9525
10288
9406
8692
7713
11217
14436
12408
11347
13981
12851
14783
13056
9492
11325
10169
8513
10687
13027
10699
7468
7494
10949
12916
7445
8743
9190
14693
12844
11506
9224
11223
9030
14957
14617
9919
9773
7246
9434
14302
10872
14232
11224
7421
12008
8279
11445
11661
13737
7938
7540
7515
11429
9882
13869
9094
11085
11422
8591
10095
9088
8632
11279
8450
12253
8196
8024
11935
13500
14809
8813
13354
9537
10437
11990
13013
8171
8051
12330
11891
10216
7497
13458
8641
8839
12465
7766
7129
7105
9349
9102
12632
11910
12206
12494
8901
13874
14445
13582
7917
14391
14055
12590
14584
10142
10246
11870
13362
10388
7931
10536
11732
12244
8391
9498
10202
12000